0 0.10967968749999998 0.3643611111111111 0.01417187499999999 0.011486111111111086
0 0.272703125 0.35220833333333335 0.006687499999999957 0.007763888888888854
0 0.3713359375 0.34983333333333333 0.008851562500000031 0.011305555555555537
0 0.7036171875 0.3350694444444444 0.008476562499999929 0.008319444444444457
0 0.9135781250000001 0.32487499999999997 0.009898437500000056 0.009763888888888851
0 0.13428125 0.35980555555555555 0.008476562500000017 0.007472222222222216
0 0.40893750000000006 0.3420138888888889 0.006742187500000085 0.0076944444444444725
0 0.46264843750000006 0.3350694444444444 0.007039062499999993 0.00841666666666667
0 0.54296875 0.33768055555555554 0.008375000000000021 0.009986111111111109
0 0.76171875 0.3274722222222222 0.007484374999999943 0.007736111111111102
0 0.145140625 0.36025 0.009195312499999986 0.0074027777777778345
0 0.36053125 0.3453333333333333 0.008171875000000028 0.010111111111111072