0 0.1722109375 0.37363888888888885 0.03414843749999998 0.03220833333333341
0 0.3169609375 0.3490416666666667 0.04464062499999999 0.07825000000000004
0 0.2918515625 0.36769444444444443 0.032367187499999964 0.0441111111111111
0 0.392078125 0.33993055555555557 0.02299218750000005 0.03619444444444437
0 0.440625 0.3335694444444444 0.03303906249999997 0.05525000000000004
0 0.5370546875 0.33516666666666667 0.020539062499999972 0.026680555555555527
0 0.720984375 0.32366666666666666 0.02232031249999995 0.0433472222222222
0 0.7770078125000001 0.326625 0.040625 0.08499999999999998
0 0.821875 0.32306944444444446 0.01875 0.054069444444444455
0 0.8419609375 0.32008333333333333 0.02321093750000003 0.09175
0 0.8943046875 0.3147361111111111 0.0274531249999999 0.06120833333333332
0 0.9744453125 0.3099722222222222 0.03147656249999997 0.06755555555555554
0 0.4892890625 0.3329861111111111 0.014289062499999972 0.0342222222222222