0 0.193609375 0.3513611111111111 0.013039062500000042 0.011999999999999981
0 0.8323046875 0.32466666666666666 0.004437499999999872 0.009000000000000025
0 0.82384375 0.32315277777777773 0.0054765625000001705 0.00933333333333337
0 0.7656875000000001 0.3229027777777778 0.0053828125000000785 0.007152777777777746
0 0.721375 0.32466666666666666 0.005578125000000078 0.009000000000000025
0 0.6670859375 0.3295416666666667 0.00756250000000005 0.008652777777777803
0 0.6110546875 0.3318888888888889 0.006046875000000007 0.009999999999999985
0 0.5908828125000001 0.33340277777777777 0.006328124999999929 0.009652777777777762
0 0.553703125 0.3328888888888889 0.0066171875000000215 0.012013888888888857
0 0.5047578125000001 0.33390277777777777 0.010773437499999972 0.014027777777777809
0 0.4671015625 0.34002777777777776 0.008218749999999986 0.011166666666666695
0 0.37956249999999997 0.34195833333333336 0.012664062500000028 0.013347222222222241
0 0.06736718750000001 0.3627916666666666 0.012851562499999991 0.014680555555555625