0 0.9111640624999999 0.3385416666666667 0.027679687499999873 0.029458333333333305
0 0.17667187499999998 0.36115277777777777 0.01629687500000001 0.019124999999999975
0 0.2830390625 0.35262499999999997 0.0125 0.013972222222222146
0 0.508703125 0.3359583333333333 0.01294531249999995 0.012402777777777787
0 0.5191953125000001 0.33318055555555554 0.011609374999999922 0.01477777777777776
0 0.56346875 0.3360138888888889 0.008945312500000035 0.008611111111111095
0 0.5825 0.3384305555555555 0.013093749999999993 0.018486111111111113
0 0.6013828125 0.33231944444444445 0.012242187500000057 0.014638888888888917
0 0.6319921875000001 0.33106944444444447 0.007531250000000078 0.01044444444444442
0 0.6765859375 0.3343333333333333 0.011023437499999922 0.01865277777777779
0 0.7646328125 0.32543055555555556 0.004164062499999943 0.011347222222222245
0 0.8180624999999999 0.3342777777777778 0.005976562500000071 0.012958333333333311
0 0.8364921875 0.32695833333333335 0.007515624999999915 0.009583333333333301
0 0.8267578125 0.32381944444444444 0.005249999999999843 0.014569444444444458
0 0.7326171875 0.324625 0.00806249999999995 0.006527777777777762