0 0.3513203125 0.38531944444444444 0.09402343750000001 0.04240277777777774
0 0.09490625 0.36995833333333333 0.03104687500000001 0.03050000000000005
0 0.1535625 0.36869444444444444 0.019578125000000002 0.027999999999999955
0 0.228625 0.36148611111111106 0.030343750000000023 0.03238888888888896
0 0.7533125 0.3330416666666667 0.014124999999999943 0.015319444444444406
0 0.8686406249999999 0.32716666666666666 0.01385937499999983 0.01161111111111113
0 0.8887031249999999 0.33119444444444446 0.01503124999999983 0.009999999999999985
0 0.6970234375000001 0.3328055555555556 0.005703124999999964 0.013222222222222198
0 0.6837578125 0.32966666666666666 0.005437500000000028 0.011777777777777804
0 0.7129218749999999 0.33208333333333334 0.009421874999999958 0.006944444444444444
0 0.8486328125 0.3277361111111111 0.006429687500000014 0.011138888888888863
0 0.4470703125 0.3408611111111111 0.006609375000000028 0.008402777777777794
0 0.40328125000000004 0.3419027777777778 0.008695312500000085 0.008888888888888858
0 0.5663437499999999 0.3363472222222222 0.007882812499999937 0.012263888888888868